24.05 67.83 1009.35 63.8 442.53 
11.06 36.71 1021.67 80.44 473.85 
32.49 71.32 1005.03 57.12 433.59 
19.69 57.32 1012.41 75.51 449.59 
23.82 44.89 1009.39 74.69 445.45 
11.0 40.23 1019.08 86.5 475.9 
10.15 41.14 1025.5 91.54 473.56 
23.41 74.99 1007.22 84.55 442.51 
19.31 67.71 1005.31 77.15 446.23 
30.34 68.08 1010.85 49.4 428.34 
25.2 57.5 1015.19 59.62 446.26 
28.26 69.23 1013.01 42.1 436.31 
23.39 73.5 1011.37 88.48 441.18 
5.98 39.61 1017.27 84.86 482.17 
29.62 73.18 1012.21 61.6 427.22 
22.59 70.32 1007.07 74.39 437.39 
21.53 58.05 1012.9 87.57 447.93 
15.86 38.62 1016.65 67.51 462.58 
12.36 40.56 1022.11 72.99 474.71 
21.09 59.8 1016.94 76.95 451.98 
25.07 60.27 1018.13 70.33 439.52 
31.12 67.69 1005.3 50.46 425.21 
30.27 64.69 1006.3 53.69 435.67 
19.48 63.09 1019.28 78.04 449.6 
12.95 43.71 1025.63 90.7 469.15 
23.62 67.45 1014.63 59.8 439.45 
18.93 67.71 1005.04 82.4 444.55 
14.57 42.18 1015.13 74.89 465.75 
22.75 57.76 1017.83 66.54 452.33 
25.5 67.83 1009.29 61.29 437.49 
29.67 66.51 1015.6 34.1 434.8 
25.88 69.13 1002.44 85.67 426.14 
14.57 39.28 1015.1 76.94 469.27 
13.44 42.34 1018.0 96.65 459.6 
18.67 44.06 1017.13 77.18 454.51 
29.53 71.97 1008.6 79.25 434.96 
18.31 52.9 1015.99 66.14 459.61 
13.09 41.62 1011.82 83.14 457.29 
26.56 52.3 1007.4 62.04 439.25 
10.46 37.5 1013.12 76.74 472.16 
20.73 41.1 1001.86 47.51 456.44 
28.82 77.24 1008.35 78.93 433.69 
28.52 70.72 1009.64 66.76 437.72 
16.13 53.82 1015.63 63.08 459.16 
22.82 64.63 1020.78 66.73 449.34 
22.84 67.32 1013.77 64.67 438.36 
30.56 69.04 1009.29 55.73 442.24 
29.9 74.99 1002.28 59.76 436.77 
8.47 41.03 1021.72 70.16 485.1 
27.89 70.94 1007.54 49.18 435.21 
12.12 41.17 1017.68 78.72 470.67 
20.42 45.01 1012.23 66.5 451.28 
33.2 73.88 1005.67 48.48 438.12 
23.62 56.85 1011.11 64.44 442.96 
14.79 46.48 1007.46 92.4 462.55 
19.94 44.63 1004.73 78.48 455.58 
17.16 53.16 1013.2 82.85 456.93 
8.67 40.77 1011.81 89.4 479.23 
21.41 56.9 1007.03 79.41 441.41 
7.93 42.28 1008.43 85.57 484.75 
29.7 67.17 1007.31 66.56 438.04 
15.84 41.04 1025.64 63.43 456.21 
25.63 69.89 1015.17 77.42 434.47 
5.71 45.87 1012.04 93.42 482.49 
25.31 67.9 1006.34 68.04 440.36 
29.65 72.86 1004.26 69.63 434.67 
20.0 69.48 1011.05 85.51 448.79 
13.78 41.16 1021.65 75.77 460.44 
14.14 43.34 1017.1 81.77 464.36 
23.65 71.98 1006.09 93.39 434.11 
15.33 43.13 1015.41 53.17 466.86 
26.98 43.77 1010.95 40.8 446.05 
29.29 70.36 1006.64 60.82 431.26 
30.85 68.94 1007.31 68.99 426.1 
11.35 38.91 1017.93 83.45 474.22 
30.26 59.22 1013.18 61.08 442.98 
28.16 71.94 1007.69 68.17 430.46 
34.03 73.56 1006.49 51.07 440.29 
20.15 58.59 1014.13 91.96 443.85 
17.01 50.9 1013.23 82.03 460.14 
9.88 40.71 1015.34 84.32 471.8 
12.71 41.39 1019.3 74.2 475.13 
30.89 74.87 1008.99 56.58 432.68 
10.84 40.27 1005.24 87.27 479.22 
27.34 59.87 1012.06 59.04 448.26 
14.81 44.88 1019.1 66.7 464.65 
18.2 45.01 1013.82 68.14 452.21 
22.7 60.84 1019.15 71.48 438.59 
22.43 63.94 1012.76 93.24 444.53 
30.0 61.5 1009.4 48.63 435.6 
25.72 59.21 1012.37 66.62 437.72 
20.88 56.85 1010.91 84.28 440.08 
28.31 66.17 1009.75 72.66 444.51 
12.42 41.58 1019.49 86.31 466.05 
21.35 58.16 1017.21 67.66 452.83 
26.66 73.56 1006.9 99.27 433.62 
16.61 45.87 1009.34 97.93 455.86 
17.14 58.16 1018.59 77.22 458.61 
20.98 42.23 1013.12 67.37 461.9 
13.41 54.3 1016.48 79.28 467.88 
11.99 49.83 1008.33 95.2 468.22 
17.27 44.9 1007.85 78.8 454.19 
22.58 59.14 1017.2 80.91 439.78 
18.89 58.66 1010.96 84.07 453.33 
22.41 70.98 1005.67 95.03 441.51 
24.06 69.94 1005.47 60.46 436.88 
30.37 76.09 1006.95 65.93 435.01 
13.42 41.74 1020.96 61.8 473.45 
10.63 42.28 1008.37 92.68 474.97 
10.94 25.36 1009.47 100.1 470.9 
31.0 77.95 1010.14 65.97 431.62 
8.47 41.26 1020.57 91.28 477.14 
18.33 52.08 1001.78 100.09 448.23 
28.43 69.59 1008.79 73.33 439.26 
24.97 58.95 1017.19 56.24 440.03 
10.5 39.28 1016.55 91.75 480.92 
27.35 77.95 1017.43 73.36 437.61 
25.06 64.63 1020.66 54.93 446.57 
29.39 68.24 1009.06 66.76 427.96 
24.18 58.49 1011.3 77.82 445.49 
15.75 39.99 1007.02 77.44 464.95 
10.32 42.02 998.27 99.12 472.16 
17.36 39.53 1008.28 68.87 456.57 
12.27 41.17 1019.41 58.1 475.13 
15.11 40.71 1017.96 69.31 465.42 
22.2 63.94 1017.38 56.17 445.6 
22.88 59.21 1011.51 86.93 440.25 
28.96 75.23 1010.88 49.45 439.03 
5.35 35.57 1027.12 80.81 488.65 
20.2 64.45 1009.03 61.77 452.33 
11.01 37.5 1015.08 73.36 474.36 
15.5 44.92 1024.16 86.44 462.12 
20.19 62.26 1011.37 89.69 443.58 
24.95 64.33 1011.34 81.05 440.97 
19.7 51.3 1014.88 88.1 454.94 
28.57 65.27 1013.27 51.11 440.51 
8.07 41.01 1023.26 97.5 474.09 
19.68 68.28 1002.62 71.57 452.47 
8.64 38.56 1016.51 66.03 484.45 
10.53 37.5 1008.55 99.91 472.32 
23.53 50.05 1005.63 78.4 443.71 
24.9 67.25 1017.77 66.17 433.71 
5.01 39.4 1003.69 91.9 475.34 
22.66 69.84 1006.16 82.79 439.06 
29.76 57.19 1008.59 51.1 436.21 
26.3 61.41 1012.45 56.85 448.55 
30.17 74.22 1007.46 49.27 432.0 
8.02 40.23 1017.42 90.26 484.22 
19.12 50.16 1011.52 99.71 451.49 
14.87 42.18 1015.23 74.41 465.89 
9.71 42.44 1014.29 94.03 481.03 
24.33 77.54 1008.5 82.45 435.38 
7.17 39.4 1011.48 90.38 484.33 
24.61 62.96 1020.1 63.83 445.79 
23.48 66.44 1011.28 61.11 443.21 
23.7 70.32 1007.21 66.85 439.59 
25.44 69.59 1008.22 80.73 433.97 
17.46 62.1 1019.96 83.99 451.06 
22.97 62.4 1010.25 75.18 445.3 
26.22 49.82 1015.48 55.8 454.2 
23.27 68.28 1005.01 74.83 444.86 
11.76 41.58 1020.91 88.35 465.45 
14.02 40.1 1015.56 82.44 467.32 
16.65 49.69 1014.01 91.0 460.03 
13.19 39.18 1023.67 66.78 469.62 
31.32 74.33 1012.92 36.48 429.57 
24.48 69.45 1013.86 62.39 435.74 
21.6 62.52 1017.23 67.87 453.28 