1 0 0 0 7 83 117 115 116 101 100 7 
0 0 0 7 13 73 115 108 105 115 116 7 
0 0 0 7 31 114 101 98 101 108 115 13 
0 0 0 13 30 104 97 118 97 118 101 31 
0 0 0 31 12 102 105 114 114 101 100 30 
0 0 0 30 13 109 111 114 116 97 114 12 
0 0 0 12 6 115 104 101 108 108 115 13 
0 0 0 13 3 97 116 124 124 97 116 6 
0 0 0 6 12 116 104 101 116 104 101 3 
0 0 0 3 30 112 97 108 97 99 101 12 
0 0 0 12 6 117 115 101 115 101 100 30 
0 0 0 30 14 98 121 124 124 98 121 6 
0 0 0 6 17 83 111 109 108 105 97 14 
0 0 0 14 7 39 115 124 124 39 115 17 
0 0 0 17 14 105 110 116 114 105 109 7 
0 0 0 7 14 80 114 101 101 110 116 14 
0 0 0 14 14 65 98 100 97 104 105 14 
0 0 0 14 14 89 117 115 115 117 102 14 
0 0 0 14 38 65 104 109 109 97 100 14 
0 1 0 14 0 46 124 124 124 124 46 38 
1 0 0 0 28 73 116 124 124 73 116 18 
0 0 0 18 20 119 97 115 119 97 115 28 
0 0 0 28 20 110 111 116 110 111 116 20 
0 0 0 20 7 105 109 109 101 108 121 20 
0 0 0 20 6 99 108 101 101 97 114 7 
0 0 0 7 3 105 102 124 124 105 102 6 
0 0 0 6 12 116 104 101 116 104 101 3 
0 0 0 3 28 112 114 101 101 110 116 12 
0 0 0 12 6 119 97 115 119 97 115 28 
0 0 0 28 3 105 110 124 124 105 110 6 
0 0 0 6 12 116 104 101 116 104 101 3 
0 0 0 3 6 112 97 108 97 99 101 12 
0 0 0 12 14 105 110 124 124 105 110 6 
0 0 0 6 36 77 111 103 115 104 117 14 
0 0 0 14 3 119 104 101 104 101 110 36 
0 0 0 36 12 116 104 101 116 104 101 3 
0 0 0 3 28 97 116 116 97 99 107 12 
0 0 0 12 1 111 99 99 114 101 100 28 
0 0 0 28 6 111 114 124 124 111 114 1 
0 0 0 1 3 105 102 124 124 105 102 6 
0 0 0 6 28 97 110 121 111 110 101 3 
0 0 0 3 30 119 97 115 119 97 115 28 
0 0 0 28 38 104 117 114 117 114 116 30 
0 1 0 30 0 46 124 124 124 124 46 38 
1 0 0 0 12 76 111 99 99 97 108 7 
0 0 0 7 13 110 101 119 101 119 115 12 
0 0 0 12 28 114 101 112 114 116 115 13 
0 0 0 13 6 115 97 105 97 105 100 28 
0 0 0 28 9 97 116 124 124 97 116 6 
0 0 0 6 2 108 101 97 97 115 116 9 
0 0 0 9 12 102 105 118 105 118 101 2 
0 0 0 2 13 109 111 114 116 97 114 12 
0 0 0 12 28 115 104 101 108 108 115 13 
0 0 0 13 3 104 105 116 104 105 116 28 
0 0 0 28 12 116 104 101 116 104 101 3 
0 0 0 3 12 112 97 108 97 99 101 12 
0 0 0 12 1 99 111 109 117 110 100 12 
0 0 0 12 7 97 110 100 97 110 100 1 
0 0 0 1 13 111 116 104 104 101 114 7 
0 0 0 7 28 109 111 114 97 114 115 13 
0 0 0 13 30 119 101 114 101 114 101 28 
0 0 0 28 20 102 105 114 114 101 100 30 
0 0 0 30 6 101 108 115 101 114 101 20 
0 0 0 20 14 105 110 124 124 105 110 6 
0 0 0 6 14 77 111 103 115 104 117 14 
0 0 0 14 38 87 101 100 100 97 121 14 
0 1 0 14 0 46 124 124 124 124 46 38 
1 0 0 0 13 84 104 101 84 104 101 3 
0 0 0 3 28 97 116 116 99 107 115 13 
0 0 0 13 6 111 99 99 114 101 100 28 
0 0 0 28 3 97 102 116 116 101 114 6 
0 0 0 6 12 116 104 101 116 104 101 3 
0 0 0 3 28 103 111 118 101 110 116 12 
0 0 0 12 18 115 97 105 97 105 100 28 
0 0 0 28 11 105 116 124 124 105 116 18 
0 0 0 18 27 119 105 108 105 108 108 11 
0 0 0 11 20 103 111 124 124 103 111 27 
0 0 0 27 6 97 104 101 101 97 100 20 
0 0 0 20 3 119 105 116 105 116 104 6 
0 0 0 6 12 97 124 124 124 124 97 3 
0 0 0 3 12 114 101 99 105 111 110 12 
0 0 0 12 25 99 111 110 110 99 101 12 
0 0 0 12 33 116 111 124 124 116 111 25 
0 0 0 25 8 119 104 105 105 99 104 33 
0 0 0 33 6 109 111 114 111 114 101 8 
0 0 0 8 2 116 104 97 104 97 110 6 
0 0 0 6 7 49 44 51 51 48 48 2 
0 0 0 2 13 83 111 109 97 108 105 7 
0 0 0 7 37 101 108 100 101 114 115 13 
0 0 0 13 13 44 124 124 124 124 44 37 
0 0 0 37 1 119 97 114 114 100 115 13 
0 0 0 13 13 97 110 100 97 110 100 1 
0 0 0 1 31 112 111 108 97 110 115 13 
0 0 0 13 30 97 114 101 97 114 101 31 
0 0 0 31 38 105 110 118 116 101 100 30 
0 1 0 30 0 46 124 124 124 124 46 38 
1 0 0 0 14 84 104 101 84 104 101 3 
0 0 0 3 14 65 109 101 99 97 110 14 
0 0 0 14 14 68 105 97 116 101 115 14 
0 0 0 14 32 65 115 115 105 111 110 14 
0 0 0 14 3 114 101 112 114 116 115 32 
0 0 0 32 12 116 104 101 116 104 101 3 
0 0 0 3 32 100 105 115 97 115 101 12 
0 0 0 12 3 105 115 124 124 105 115 32 
0 0 0 32 29 116 104 101 116 104 101 3 
0 0 0 3 12 108 101 97 105 110 103 29 
0 0 0 29 6 99 97 117 117 115 101 12 
0 0 0 12 7 111 102 124 124 111 102 6 
0 0 0 6 13 110 101 119 110 101 119 7 
0 0 0 7 6 99 97 115 115 101 115 13 
0 0 0 13 12 111 102 124 124 111 102 6 
0 0 0 6 6 98 108 105 101 115 115 12 
0 0 0 12 13 97 109 111 111 110 103 6 
0 0 0 6 38 97 100 117 108 116 115 13 
0 1 0 13 0 46 124 124 124 124 46 38 
1 0 0 0 32 73 116 124 124 73 116 18 
0 0 0 18 3 105 115 124 124 105 115 32 
0 0 0 32 29 116 104 101 116 104 101 3 
0 0 0 3 12 108 101 97 105 110 103 29 
0 0 0 29 6 99 97 117 117 115 101 12 
0 0 0 12 12 111 102 124 124 111 102 6 
0 0 0 6 12 107 105 100 110 101 121 12 
0 0 0 12 38 102 97 105 117 114 101 12 
0 1 0 12 0 46 124 124 124 124 46 38 
1 0 0 0 12 84 104 101 84 104 101 3 
0 0 0 3 6 114 97 116 97 116 101 12 
0 0 0 12 12 111 102 124 124 111 102 6 
0 0 0 6 32 97 109 112 105 111 110 12 
0 0 0 12 2 105 115 124 124 105 115 32 
0 0 0 32 13 49 48 124 124 49 48 2 
0 0 0 2 8 116 105 109 109 101 115 13 
0 0 0 13 6 104 105 103 104 101 114 8 
0 0 0 8 3 97 109 111 111 110 103 6 
0 0 0 6 34 116 104 111 111 115 101 3 
0 0 0 3 31 119 104 111 119 104 111 34 
0 0 0 34 6 115 117 102 102 101 114 31 
0 0 0 31 3 102 114 111 114 111 109 6 
0 0 0 6 12 116 104 101 116 104 101 3 
0 0 0 3 38 100 105 115 97 115 101 12 
0 1 0 12 0 46 124 124 124 124 46 38 
1 0 0 0 31 69 120 112 114 116 115 13 
0 0 0 13 3 115 97 121 115 97 121 31 
0 0 0 31 34 116 104 111 111 115 101 3 
0 0 0 3 31 119 104 111 119 104 111 34 
0 0 0 34 36 108 101 97 97 114 110 31 
0 0 0 31 25 104 111 119 104 111 119 36 
0 0 0 36 27 116 111 124 124 116 111 25 
0 0 0 25 3 109 97 110 97 103 101 27 
0 0 0 27 12 116 104 101 116 104 101 3 
0 0 0 3 20 100 105 115 97 115 101 12 
0 0 0 12 37 101 97 114 114 108 121 20 
0 0 0 20 11 44 124 124 124 124 44 37 
0 0 0 37 27 99 97 110 99 97 110 11 
0 0 0 11 8 108 105 118 105 118 101 27 
0 0 0 27 1 104 101 97 105 101 114 8 
0 0 0 8 8 97 110 100 97 110 100 1 
0 0 0 1 7 109 111 114 111 114 101 8 
0 0 0 8 13 110 111 114 109 97 108 7 
0 0 0 7 38 108 105 118 118 101 115 13 
0 1 0 13 0 46 124 124 124 124 46 38 
1 0 0 0 17 86 79 65 86 79 65 14 
0 0 0 14 14 39 115 124 124 39 115 17 
0 0 0 17 14 74 117 110 117 110 101 14 
0 0 0 14 28 83 111 104 83 111 104 14 
0 0 0 14 13 102 111 117 117 110 100 28 
0 0 0 28 33 99 97 109 109 112 115 13 
0 0 0 13 31 116 104 97 104 97 116 33 
0 0 0 33 13 112 114 111 105 100 101 31 
0 0 0 31 6 99 104 105 114 101 110 13 
0 0 0 13 3 119 105 116 105 116 104 6 
0 0 0 6 7 116 104 105 104 105 115 3 
0 0 0 3 12 99 104 114 110 105 99 7 
0 0 0 7 3 100 105 115 97 115 101 12 
0 0 0 12 7 97 124 124 124 124 97 3 
0 0 0 3 12 112 111 115 105 118 101 7 
0 0 0 7 25 97 112 112 97 99 104 12 
0 0 0 12 29 116 111 124 124 116 111 25 
0 0 0 25 6 108 105 118 105 110 103 29 
0 0 0 29 13 119 105 116 105 116 104 6 
0 0 0 6 6 100 105 97 116 101 115 13 
0 0 0 13 29 119 104 105 105 108 101 6 
0 0 0 6 18 108 101 116 105 110 103 29 
0 0 0 29 20 116 104 101 104 101 109 18 
0 0 0 18 27 106 117 115 117 115 116 20 
0 0 0 20 13 98 101 124 124 98 101 27 
0 0 0 27 38 107 105 100 105 100 115 13 
0 1 0 13 0 46 124 124 124 124 46 38 
1 0 0 0 14 65 109 121 65 109 121 14 
0 0 0 14 32 75 97 116 97 116 122 14 
0 0 0 14 38 78 97 114 116 101 115 32 
0 1 0 32 0 46 124 124 124 124 46 38 
1 0 0 0 12 85 46 83 46 83 46 14 
0 0 0 14 14 97 117 116 107 101 114 12 
0 0 0 12 32 67 104 114 108 101 114 14 
0 0 0 14 30 104 97 115 104 97 115 32 
0 0 0 32 3 111 112 101 110 101 100 30 
0 0 0 30 39 97 124 124 124 124 97 3 
0 0 0 3 2 36 124 124 124 124 36 39 
0 0 0 39 2 53 55 48 53 55 48 2 
0 0 0 2 12 109 105 108 105 111 110 2 
0 0 0 2 12 101 110 103 105 110 101 12 
0 0 0 12 6 112 108 97 97 110 116 12 
0 0 0 12 7 105 110 124 124 105 110 6 
0 0 0 6 14 110 111 114 101 114 110 7 
0 0 0 7 38 77 101 120 105 99 111 14 
0 1 0 14 0 46 124 124 124 124 46 38 
1 0 0 0 3 68 117 114 105 110 103 6 
0 0 0 6 7 116 104 101 116 104 101 3 
0 0 0 3 12 99 101 114 105 97 108 7 
0 0 0 7 6 115 116 97 116 117 112 12 
0 0 0 12 3 111 102 124 124 111 102 6 
0 0 0 6 14 116 104 101 116 104 101 3 
0 0 0 3 12 83 97 108 108 108 111 14 
0 0 0 14 14 112 108 97 97 110 116 12 
0 0 0 12 37 70 114 105 100 97 121 14 
0 0 0 14 14 44 124 124 124 124 44 37 
0 0 0 37 14 77 101 120 99 97 110 14 
0 0 0 14 14 80 114 101 101 110 116 14 
0 0 0 14 14 70 101 108 105 112 101 14 
0 0 0 14 28 67 97 108 114 111 110 14 
0 0 0 14 14 115 97 105 97 105 100 28 
0 0 0 28 17 67 104 114 108 101 114 14 
0 0 0 14 7 39 115 124 124 39 115 17 
0 0 0 17 12 115 105 120 120 116 104 7 
0 0 0 7 6 112 108 97 97 110 116 12 
0 0 0 12 14 105 110 124 124 105 110 6 
0 0 0 6 11 77 101 120 105 99 111 14 
0 0 0 14 27 119 105 108 105 108 108 11 
0 0 0 11 2 99 114 101 97 116 101 27 
0 0 0 27 13 55 48 48 55 48 48 2 
0 0 0 2 38 106 111 98 111 98 115 13 
0 1 0 13 0 46 124 124 124 124 46 38 
1 0 0 0 14 77 114 46 77 114 46 14 
0 0 0 14 28 67 97 108 114 111 110 14 
0 0 0 14 14 115 97 105 97 105 100 28 
0 0 0 28 32 77 101 120 105 99 111 14 
0 0 0 14 30 104 97 115 104 97 115 32 
0 0 0 32 3 98 101 99 111 109 101 30 
0 0 0 30 7 97 124 124 124 124 97 3 
0 0 0 3 12 119 111 114 105 100 101 7 
0 0 0 7 6 108 101 97 100 101 114 12 
0 0 0 12 3 105 110 124 124 105 110 6 
0 0 0 6 12 116 104 101 116 104 101 3 
0 0 0 3 12 97 117 116 117 116 111 12 
0 0 0 12 38 105 110 100 116 114 121 12 
0 1 0 12 0 46 124 124 124 124 46 38 
1 0 0 0 32 67 104 114 108 101 114 14 
0 0 0 14 25 112 108 97 97 110 115 32 
0 0 0 32 27 116 111 124 124 116 111 25 
0 0 0 25 19 98 117 105 105 108 100 27 
0 0 0 27 7 105 116 115 105 116 115 19 
0 0 0 19 7 110 101 119 110 101 119 7 
0 0 1 7 14 102 117 101 101 110 116 7 
0 0 0 7 14 80 101 110 116 97 114 14 
0 0 1 14 12 86 45 54 86 45 54 14 
0 0 0 14 6 101 110 103 105 110 101 12 
0 0 0 12 14 102 111 114 102 111 114 6 
0 0 0 6 37 67 104 114 108 101 114 14 
0 0 0 14 14 44 124 124 124 124 44 37 
0 0 0 37 37 68 111 100 100 103 101 14 
0 0 0 14 14 44 124 124 124 124 44 37 
0 0 0 37 1 74 101 101 101 101 112 14 
0 0 0 14 14 97 110 100 97 110 100 1 
0 0 0 1 13 82 97 109 82 97 109 14 
0 0 0 14 38 118 101 104 108 101 115 13 
0 1 0 13 0 46 124 124 124 124 46 38 
1 0 0 0 13 77 101 120 99 97 110 7 
0 0 0 7 31 111 102 102 97 108 115 13 
0 0 0 13 3 115 97 121 115 97 121 31 
0 0 0 31 7 116 104 101 116 104 101 3 
0 0 0 3 12 110 101 119 110 101 119 7 
0 0 0 7 11 112 108 97 97 110 116 12 
0 0 0 12 27 119 105 108 105 108 108 11 
0 0 0 11 3 104 97 118 97 118 101 27 
0 0 0 27 12 116 104 101 116 104 101 3 
0 0 0 3 25 99 97 112 105 116 121 12 
0 0 0 12 27 116 111 124 124 116 111 25 
0 0 0 25 2 98 117 105 105 108 100 27 
0 0 0 27 13 52 52 48 48 48 48 2 
0 0 0 2 6 101 110 103 110 101 115 13 
0 0 0 13 12 112 101 114 112 101 114 6 
0 0 0 6 38 121 101 97 101 97 114 12 
0 1 0 12 0 46 124 124 124 124 46 38 
1 0 0 0 17 67 104 105 105 110 97 14 
0 0 0 14 7 39 115 124 124 39 115 17 
0 0 0 17 13 103 105 97 97 110 116 7 
0 0 0 7 31 112 97 110 100 97 115 13 
0 0 0 13 30 104 97 118 97 118 101 31 
0 0 0 31 6 98 101 101 101 101 110 30 
0 0 0 30 7 111 110 124 124 111 110 6 
0 0 0 6 13 101 110 100 114 101 100 7 
0 0 0 7 13 115 112 101 105 101 115 13 
0 0 0 13 6 108 105 115 115 116 115 13 
0 0 0 13 20 102 111 114 102 111 114 6 
0 0 0 6 2 110 101 97 114 108 121 20 
0 0 0 20 13 51 48 124 124 51 48 2 
0 0 0 2 38 121 101 97 97 114 115 13 
0 1 0 13 0 46 124 124 124 124 46 38 
1 0 0 0 31 84 104 101 101 114 101 4 
0 0 0 4 20 97 114 101 97 114 101 31 
0 0 0 31 6 111 110 108 110 108 121 20 
0 0 0 20 2 97 98 111 111 117 116 6 
0 0 0 6 13 49 44 54 54 48 48 2 
0 0 0 2 20 112 97 110 100 97 115 13 
0 0 0 13 29 115 116 105 105 108 108 20 
0 0 0 20 6 108 105 118 105 110 103 29 
0 0 0 29 3 105 110 124 124 105 110 6 
0 0 0 6 12 116 104 101 116 104 101 3 
0 0 0 3 6 119 105 108 105 108 100 12 
0 0 0 12 14 105 110 124 124 105 110 6 
0 0 0 6 38 67 104 105 105 110 97 14 
0 1 0 14 0 46 124 124 124 124 46 38 
1 0 0 0 6 79 110 101 79 110 101 2 
0 0 0 2 3 111 102 124 124 111 102 6 
0 0 0 6 2 116 104 101 116 104 101 3 
0 0 0 3 14 50 48 48 48 48 56 2 
0 0 0 2 13 79 108 121 112 105 99 14 
0 0 0 14 32 109 97 115 111 116 115 13 
0 0 0 13 30 105 115 124 124 105 115 32 
0 0 0 32 6 109 111 100 108 101 100 30 
0 0 0 30 3 111 110 124 124 111 110 6 
0 0 0 6 12 97 124 124 124 124 97 3 
0 0 0 3 30 112 97 110 110 100 97 12 
0 0 0 12 14 99 97 108 108 101 100 30 
0 0 0 30 14 74 105 110 105 110 103 14 
0 0 0 14 38 74 105 110 105 110 103 14 
0 1 0 14 0 46 124 124 124 124 46 38 
1 0 0 0 31 67 111 110 115 116 115 13 
0 0 0 13 18 104 111 112 111 112 101 31 
0 0 0 31 11 115 104 101 115 104 101 18 
0 0 0 18 27 119 105 108 105 108 108 11 
0 0 0 11 27 104 101 108 101 108 112 27 
0 0 0 27 12 100 114 97 114 97 119 27 
0 0 0 27 25 97 116 116 105 111 110 12 
0 0 0 12 3 116 111 124 124 116 111 25 
0 0 0 25 13 116 104 101 116 104 101 3 
0 0 0 3 29 116 104 114 97 116 115 13 
0 0 0 13 3 102 97 99 105 110 103 29 
0 0 0 29 7 116 104 101 116 104 101 3 
0 0 0 3 12 103 105 97 97 110 116 7 
0 0 0 7 6 112 97 110 110 100 97 12 
0 0 1 12 2 45 45 124 124 45 45 6 
0 0 0 6 6 111 110 101 111 110 101 2 
0 0 0 2 14 111 102 124 124 111 102 6 
0 0 0 6 17 67 104 105 105 110 97 14 
0 0 0 14 7 39 115 124 124 39 115 17 
0 0 0 17 13 110 97 116 110 97 108 7 
0 0 0 7 38 115 121 109 111 108 115 13 
0 1 0 13 0 46 124 124 124 124 46 38 
1 0 0 0 14 83 97 109 83 97 109 14 
0 0 0 14 13 66 101 97 116 105 101 14 
0 0 0 14 6 114 101 112 114 116 115 13 
0 0 0 13 29 102 114 111 114 111 109 6 
0 0 0 6 14 74 105 110 105 110 103 29 
0 0 0 29 17 74 105 110 105 110 103 14 
0 0 0 14 12 39 115 124 124 39 115 17 
0 0 0 17 6 104 111 109 111 109 101 12 
0 0 0 12 14 105 110 124 124 105 110 6 
0 0 0 6 12 83 105 99 117 97 110 14 
0 0 0 14 38 112 114 111 110 99 101 12 
0 1 0 12 0 46 124 124 124 124 46 38 
1 0 0 0 1 74 97 112 112 97 110 14 
0 0 0 14 14 97 110 100 97 110 100 1 
0 0 0 1 14 78 111 114 114 116 104 14 
0 0 0 14 31 75 111 114 114 101 97 14 
0 0 0 14 18 115 97 121 115 97 121 31 
0 0 0 31 31 116 104 101 104 101 121 18 
0 0 0 18 29 97 114 101 97 114 101 31 
0 0 0 31 3 99 111 110 105 110 103 29 
0 0 0 29 12 97 124 124 124 124 97 3 
0 0 0 3 6 114 101 115 105 111 110 12 
0 0 0 12 7 111 102 124 124 111 102 6 
0 0 0 6 13 98 105 108 114 97 108 7 
0 0 0 7 6 116 97 108 108 107 115 13 
0 0 0 13 12 97 115 124 124 97 115 6 
0 0 0 6 6 112 97 114 97 114 116 12 
0 0 0 12 13 111 102 124 124 111 102 6 
0 0 0 6 25 101 102 102 114 116 115 13 
0 0 0 13 27 116 111 124 124 116 111 25 
0 0 0 25 13 110 111 114 105 122 101 27 
0 0 0 27 38 114 101 108 111 110 115 13 
0 1 0 13 0 46 124 124 124 124 46 38 
1 0 0 0 13 74 97 112 101 115 101 7 
0 0 0 7 28 109 101 100 100 105 97 13 
0 0 0 13 14 114 101 112 116 101 100 28 
0 0 0 28 6 77 111 110 100 97 121 14 
0 0 0 14 3 116 104 97 104 97 116 6 
0 0 0 6 2 116 104 101 116 104 101 3 
0 0 0 3 13 116 119 111 116 119 111 2 
0 0 0 2 31 99 111 117 105 101 115 13 
0 0 0 13 25 104 111 112 111 112 101 31 
0 0 0 31 27 116 111 124 124 116 111 25 
0 0 0 25 25 97 114 114 110 103 101 27 
0 0 0 27 27 116 111 124 124 116 111 25 
0 0 0 25 3 104 111 108 111 108 100 27 
0 0 0 27 13 116 104 101 116 104 101 3 
0 0 0 3 6 116 97 108 108 107 115 13 
0 0 0 13 14 105 110 124 124 105 110 6 
0 0 0 6 6 66 101 105 105 110 103 14 
0 0 0 14 7 105 110 124 124 105 110 6 
0 0 0 6 14 101 97 114 114 108 121 7 
0 0 0 7 38 78 111 118 98 101 114 14 
0 1 0 14 0 46 124 124 124 124 46 38 
1 0 0 0 13 84 104 101 84 104 101 3 
0 0 0 3 11 116 97 108 108 107 115 13 
0 0 0 13 27 99 111 117 117 108 100 11 
0 0 0 11 6 99 111 109 111 109 101 27 
0 0 0 27 7 98 101 102 111 114 101 6 
0 0 1 6 13 115 105 120 114 116 121 7 
0 0 0 7 6 116 97 108 108 107 115 13 
0 0 0 13 14 111 110 124 124 111 110 6 
0 0 0 6 14 78 111 114 114 116 104 14 
0 0 0 14 17 75 111 114 114 101 97 14 
0 0 0 14 7 39 115 124 124 39 115 17 
0 0 0 17 13 110 117 99 101 97 114 7 
0 0 0 7 31 97 109 98 111 110 115 13 
0 0 0 13 38 114 101 115 117 109 101 31 
0 1 0 31 0 46 124 124 124 124 46 38 
1 0 0 0 1 74 97 112 112 97 110 14 
0 0 0 14 14 97 110 100 97 110 100 1 
0 0 0 1 14 78 111 114 114 116 104 14 
0 0 0 14 31 75 111 114 114 101 97 14 
0 0 0 14 20 104 97 118 97 118 101 31 
0 0 0 31 30 110 111 116 110 111 116 20 
0 0 0 20 7 104 97 100 104 97 100 30 
0 0 0 30 7 102 111 114 109 97 108 7 
0 0 0 7 13 98 105 108 114 97 108 7 
0 0 0 7 6 116 97 108 108 107 115 13 
0 0 0 13 6 102 111 114 102 111 114 6 
0 0 0 6 3 97 98 111 111 117 116 6 
0 0 0 6 12 97 124 124 124 124 97 3 
0 0 0 3 38 121 101 97 101 97 114 12 
0 1 0 12 0 46 124 124 124 124 46 38 
1 0 0 0 1 84 111 107 107 121 111 14 
0 0 0 14 14 97 110 100 97 110 100 1 
0 0 0 1 31 80 121 111 97 110 103 14 
0 0 0 14 6 97 114 101 97 114 101 31 
0 0 0 31 13 97 116 124 124 97 116 6 
0 0 0 6 6 111 100 100 100 100 115 13 
0 0 0 13 14 111 118 101 118 101 114 6 
0 0 0 6 14 78 111 114 114 116 104 14 
0 0 0 14 17 75 111 114 114 101 97 14 
0 0 0 14 7 39 115 124 124 39 115 17 
0 0 0 17 13 110 117 99 101 97 114 7 
0 0 0 7 12 119 101 97 111 110 115 13 
0 0 0 13 1 112 114 111 114 97 109 12 
0 0 0 12 3 97 110 100 97 110 100 1 
0 0 0 1 14 116 104 101 116 104 101 3 
0 0 0 3 17 78 111 114 114 116 104 14 
0 0 0 14 12 39 115 124 124 39 115 17 
0 0 0 17 6 107 105 100 105 110 103 12 
0 0 0 12 7 111 102 124 124 111 102 6 
0 0 0 6 13 74 97 112 101 115 101 7 
0 0 0 7 6 99 105 116 101 110 115 13 
0 0 0 13 3 105 110 124 124 105 110 6 
0 0 0 6 13 116 104 101 116 104 101 3 
0 0 0 3 1 49 57 55 55 48 115 13 
0 0 0 13 13 97 110 100 97 110 100 1 
0 0 0 1 38 49 57 56 56 48 115 13 
0 1 0 13 0 46 124 124 124 124 46 38 
1 0 0 0 17 69 103 121 121 112 116 14 
0 0 0 14 12 39 115 124 124 39 115 17 
0 0 0 17 1 103 111 118 101 110 116 12 
0 0 0 12 3 97 110 100 97 110 100 1 
0 0 0 1 14 116 104 101 116 104 101 3 
0 0 0 3 14 87 111 114 114 108 100 14 
0 0 0 14 14 72 101 97 108 116 104 14 
0 0 0 14 31 79 114 103 105 111 110 14 
0 0 0 14 2 115 97 121 115 97 121 31 
0 0 0 31 7 116 104 114 114 101 101 2 
0 0 0 2 13 69 103 121 105 97 110 7 
0 0 0 7 31 99 104 105 114 101 110 13 
0 0 0 13 30 104 97 118 97 118 101 31 
0 0 0 31 30 98 101 101 101 101 110 30 
0 0 0 30 6 104 111 115 122 101 100 30 
0 0 0 30 3 119 105 116 105 116 104 6 
0 0 0 6 7 116 104 101 116 104 101 3 
0 0 0 3 12 100 101 97 100 108 121 7 
0 0 0 7 6 102 111 114 111 114 109 12 
0 0 0 12 7 111 102 124 124 111 102 6 
0 0 0 6 12 97 118 105 105 97 110 7 
0 0 0 7 38 102 108 117 102 108 117 12 
0 1 0 12 0 46 124 124 124 124 46 38 
1 0 0 0 13 84 104 101 84 104 101 3 
0 0 0 3 31 99 104 105 114 101 110 13 
0 0 0 13 6 99 111 109 111 109 101 31 
0 0 0 31 7 102 114 111 114 111 109 6 
0 0 0 6 13 100 105 102 101 110 116 7 
0 0 0 7 6 112 97 114 114 116 115 13 
0 0 0 13 3 111 102 124 124 111 102 6 
0 0 0 6 12 116 104 101 116 104 101 3 
0 0 0 3 38 99 111 117 116 114 121 12 
0 1 0 12 0 46 124 124 124 124 46 38 
1 0 0 0 32 87 72 79 87 72 79 34 
0 0 0 34 18 115 97 121 97 121 115 32 
0 0 0 32 31 116 104 101 104 101 121 18 
0 0 0 18 29 97 114 101 97 114 101 31 
0 0 0 31 12 114 101 99 105 110 103 29 
0 0 0 29 1 116 114 101 101 110 116 12 
0 0 0 12 31 97 110 100 97 110 100 1 
0 0 0 1 6 97 114 101 97 114 101 31 
0 0 0 31 7 105 110 124 124 105 110 6 
0 0 0 6 12 115 116 97 98 108 101 7 
0 0 0 7 38 99 111 110 105 111 110 12 
0 1 0 12 0 46 124 124 124 124 46 38 
1 0 0 0 12 84 104 101 84 104 101 3 
0 0 0 3 32 111 114 103 105 111 110 12 
0 0 0 12 3 115 97 121 97 121 115 32 
0 0 0 32 13 116 104 101 116 104 101 3 
0 0 0 3 28 99 104 105 114 101 110 13 
0 0 0 13 3 104 97 100 104 97 100 28 
0 0 0 28 12 97 124 124 124 124 97 3 
0 0 0 3 6 104 105 115 111 114 121 12 
0 0 0 12 12 111 102 124 124 111 102 6 
0 0 0 6 6 99 111 110 97 99 116 12 
0 0 0 12 7 119 105 116 105 116 104 6 
0 0 0 6 13 100 101 97 101 97 100 7 
0 0 0 7 38 98 105 114 114 100 115 13 
0 1 0 13 0 46 124 124 124 124 46 38 
1 0 0 0 2 84 104 105 114 116 121 2 
0 0 0 2 13 116 119 111 116 119 111 2 
0 0 0 2 31 69 103 121 97 110 115 13 
0 0 0 13 30 104 97 118 97 118 101 31 
0 0 0 31 3 99 111 110 116 101 100 30 
0 0 0 30 14 116 104 101 116 104 101 3 
0 0 0 3 12 72 53 78 53 78 49 14 
0 0 0 14 6 102 111 114 111 114 109 12 
0 0 0 12 7 111 102 124 124 111 102 6 
0 0 0 6 12 97 118 105 105 97 110 7 
0 0 0 7 38 102 108 117 102 108 117 12 
0 1 0 12 0 46 124 124 124 124 46 38 
1 0 0 0 6 84 104 105 101 101 110 2 
0 0 0 2 18 111 102 124 124 111 102 6 
0 0 0 6 31 116 104 101 104 101 109 18 
0 0 0 18 30 104 97 118 97 118 101 31 
0 0 0 31 38 100 105 101 105 101 100 30 
0 1 0 30 0 46 124 124 124 124 46 38 
1 0 0 0 32 69 103 121 121 112 116 14 
0 0 0 14 30 104 97 115 104 97 115 32 
0 0 0 32 3 104 97 100 104 97 100 30 
0 0 0 30 9 116 104 101 116 104 101 3 
0 0 0 3 12 108 97 114 101 115 116 9 
0 0 0 9 6 110 117 109 98 101 114 12 
0 0 0 12 7 111 102 124 124 111 102 6 
0 0 0 6 12 104 117 109 109 97 110 7 
0 0 0 7 12 98 105 114 105 114 100 12 
0 0 0 12 13 102 108 117 102 108 117 12 
0 0 0 12 6 99 97 115 115 101 115 13 
0 0 0 13 6 111 117 116 105 100 101 6 
0 0 0 6 14 111 102 124 124 111 102 6 
0 0 0 6 38 65 115 105 115 105 97 14 
0 1 0 14 0 46 124 124 124 124 46 38 
1 0 0 0 17 75 121 114 116 97 110 14 
0 0 0 14 14 39 115 124 124 39 115 17 
0 0 0 17 14 74 117 115 105 99 101 14 
0 0 0 14 32 77 105 110 116 114 121 14 
0 0 0 14 2 115 97 121 97 121 115 32 
0 0 0 32 13 102 111 117 111 117 114 2 
0 0 0 2 37 112 101 111 112 108 101 13 
0 0 0 13 29 44 124 124 124 124 44 37 
0 0 0 37 12 105 110 99 105 110 103 29 
0 0 0 29 12 112 97 114 101 110 116 12 
0 0 0 12 14 109 101 109 98 101 114 12 
0 0 0 12 14 84 121 110 98 101 107 14 
0 0 0 14 37 65 107 109 121 101 118 14 
0 0 0 14 31 44 124 124 124 124 44 37 
0 0 0 37 30 104 97 118 97 118 101 31 
0 0 0 31 30 98 101 101 101 101 110 30 
0 0 0 30 6 107 105 108 108 101 100 30 
0 0 0 30 3 97 116 124 124 97 116 6 
0 0 0 6 12 97 124 124 124 124 97 3 
0 0 0 3 6 112 114 105 115 111 110 12 
0 0 0 12 14 110 101 97 101 97 114 6 
0 0 0 6 6 66 105 115 107 101 107 14 
0 0 0 14 13 97 102 116 116 101 114 6 
0 0 0 6 28 105 110 109 116 101 115 13 
0 0 0 13 18 116 111 111 111 111 107 28 
0 0 0 28 12 116 104 101 104 101 109 18 
0 0 0 18 38 104 111 115 97 103 101 12 
0 1 0 12 0 46 124 124 124 124 46 38 
1 0 0 0 14 73 110 116 105 111 114 14 
0 0 0 14 14 77 105 110 116 101 114 14 
0 0 0 14 14 77 117 114 114 97 116 14 
0 0 0 14 32 83 117 116 110 111 118 14 
0 0 0 14 6 105 115 124 124 105 115 32 
0 0 0 32 3 97 116 124 124 97 116 6 
0 0 0 6 12 116 104 101 116 104 101 3 
0 0 0 3 25 112 114 105 115 111 110 12 
0 0 0 12 27 116 111 124 124 116 111 25 
0 0 0 25 13 104 101 97 101 97 100 27 
0 0 0 27 6 110 101 103 111 110 115 13 
0 0 0 13 3 119 105 116 105 116 104 6 
0 0 0 6 13 116 104 101 116 104 101 3 
0 0 0 3 38 105 110 109 116 101 115 13 
0 1 0 13 0 46 124 124 124 124 46 38 
1 0 0 0 12 84 104 101 84 104 101 3 
0 0 0 3 28 109 105 110 116 114 121 12 
0 0 0 12 3 103 97 118 97 118 101 28 
0 0 0 28 7 110 111 124 124 110 111 3 
0 0 0 3 13 111 116 104 104 101 114 7 
0 0 0 7 38 100 101 116 105 108 115 13 
0 1 0 13 0 46 124 124 124 124 46 38 
1 0 0 0 32 73 116 124 124 73 116 18 
0 0 0 18 20 105 115 124 124 105 115 32 
0 0 0 32 7 110 111 116 110 111 116 20 
0 0 0 20 6 99 108 101 101 97 114 7 
0 0 0 7 3 105 102 124 124 105 102 6 
0 0 0 6 13 116 104 101 116 104 101 3 
0 0 1 3 28 104 111 115 101 114 115 13 
0 0 0 13 3 109 97 100 97 100 101 28 
0 0 0 28 13 97 110 121 97 110 121 3 
0 0 0 3 38 100 101 109 110 100 115 13 
0 1 0 13 0 46 124 124 124 124 46 38 
1 0 0 0 14 77 114 46 77 114 46 14 
0 0 0 14 28 65 107 109 121 101 118 14 
0 0 0 14 30 119 97 115 119 97 115 28 
0 0 0 28 6 105 110 118 118 101 100 30 
0 0 0 30 13 105 110 124 124 105 110 6 
0 0 0 6 6 110 101 103 111 110 115 13 
0 0 0 13 14 111 110 124 124 111 110 6 
0 0 0 6 6 87 101 100 100 97 121 14 
0 0 0 14 3 97 116 124 124 97 116 6 
0 0 0 6 14 97 110 111 104 101 114 3 
0 0 0 3 12 75 121 114 103 121 122 14 
0 0 0 14 36 112 114 105 115 111 110 12 
0 0 0 12 3 119 104 101 101 114 101 36 
0 0 0 36 12 97 124 124 124 124 97 3 
0 0 0 3 6 114 105 111 105 111 116 12 
0 0 0 12 7 111 118 101 118 101 114 6 
0 0 0 6 12 112 111 111 111 111 114 7 
0 0 0 7 13 108 105 118 105 110 103 12 
0 0 0 12 28 99 111 110 111 110 115 13 
0 0 0 13 3 102 111 114 99 101 100 28 
0 0 0 28 12 116 104 101 116 104 101 3 
0 0 0 3 25 115 116 97 97 102 102 12 
0 0 0 12 27 116 111 124 124 116 111 25 
0 0 0 25 21 101 118 97 97 116 101 27 
0 0 0 27 3 101 97 114 105 101 114 21 
0 0 0 21 12 116 104 105 104 105 115 3 
0 0 0 3 38 119 101 101 101 101 107 12 
0 1 0 12 0 46 124 124 124 124 46 38 
1 0 0 0 12 84 104 97 104 97 116 3 
0 0 0 3 37 112 114 105 115 111 110 12 
0 0 0 12 20 44 124 124 124 124 44 37 
0 0 0 37 6 97 108 115 108 115 111 20 
0 0 0 20 14 110 101 97 101 97 114 6 
0 0 0 6 37 66 105 115 107 101 107 14 
0 0 0 14 28 44 124 124 124 124 44 37 
0 0 0 37 30 114 101 109 110 101 100 28 
0 0 0 28 6 115 117 114 100 101 100 30 
0 0 0 30 12 98 121 124 124 98 121 6 
0 0 0 6 13 115 101 99 105 116 121 12 
0 0 0 12 6 102 111 114 99 101 115 13 
0 0 0 13 14 111 110 124 124 111 110 6 
0 0 0 6 38 84 104 117 100 97 121 14 
0 1 0 14 0 46 124 124 124 124 46 38 
1 0 0 0 13 73 110 100 105 97 110 7 
0 0 0 7 31 111 102 102 97 108 115 13 
0 0 0 13 18 115 97 121 115 97 121 31 
0 0 0 31 31 116 104 101 104 101 121 18 
0 0 0 18 30 104 97 118 97 118 101 31 
0 0 0 31 3 115 105 103 110 101 100 30 
0 0 0 30 7 97 110 124 124 97 110 3 
0 0 0 3 12 105 110 105 105 97 108 7 
0 0 0 7 6 97 103 114 101 110 116 12 
0 0 0 12 14 119 105 116 105 116 104 6 
0 0 0 6 25 82 117 115 115 105 97 14 
0 0 0 14 27 116 111 124 124 116 111 25 
0 0 0 25 3 98 117 105 105 108 100 27 
0 0 0 27 12 97 124 124 124 124 97 3 
0 0 0 3 12 115 112 97 97 99 101 12 
0 0 0 12 12 108 97 117 110 99 104 12 
0 0 0 12 6 99 101 110 116 101 114 12 
0 0 0 12 3 111 110 124 124 111 110 6 
0 0 0 6 7 116 104 101 116 104 101 3 
0 0 0 3 12 114 101 109 111 116 101 7 
0 0 0 7 6 105 115 108 97 110 100 12 
0 0 0 12 14 111 102 124 124 111 102 6 
0 0 0 6 6 66 105 97 105 97 107 14 
0 0 0 14 3 111 102 102 111 102 102 6 
0 0 0 6 12 116 104 101 116 104 101 3 
0 0 0 3 6 99 111 97 97 115 116 12 
0 0 0 12 14 111 102 124 124 111 102 6 
0 0 0 6 14 80 97 112 112 117 97 14 
0 0 0 14 14 78 101 119 78 101 119 14 
0 0 0 14 38 71 117 105 110 101 97 14 
0 1 0 14 0 46 124 124 124 124 46 38 
1 0 0 0 7 65 110 124 124 65 110 3 
0 0 0 3 7 73 110 100 105 97 110 7 
0 0 0 7 12 102 111 114 105 103 110 7 
0 0 0 7 12 109 105 110 116 114 121 12 
0 0 0 12 32 115 112 111 109 97 110 12 
0 0 0 12 7 115 97 121 97 121 115 32 
0 0 0 32 13 115 101 110 105 111 114 7 
0 0 0 7 6 111 102 102 97 108 115 13 
0 0 0 13 3 102 114 111 114 111 109 6 
0 0 0 6 13 98 111 116 111 116 104 3 
0 0 0 3 28 99 111 117 105 101 115 13 
0 0 0 13 3 114 101 97 104 101 100 28 
0 0 0 28 7 116 104 101 116 104 101 3 
0 0 0 3 12 112 114 101 97 114 121 7 
0 0 0 7 7 97 103 114 101 110 116 12 
0 0 0 12 12 108 97 115 97 115 116 7 
0 0 0 7 38 119 101 101 101 101 107 12 
0 1 0 12 0 46 124 124 124 124 46 38 
1 0 0 0 31 84 104 101 104 101 121 18 
0 0 0 18 3 115 97 121 115 97 121 31 
0 0 0 31 12 116 104 101 116 104 101 3 
0 0 0 3 32 105 115 108 97 110 100 12 
0 0 0 12 7 105 115 124 124 105 115 32 
0 0 1 32 6 119 101 108 116 101 100 7 
0 0 0 7 3 102 111 114 102 111 114 6 
0 0 0 6 12 116 104 101 116 104 101 3 
0 0 0 3 6 112 114 111 101 99 116 12 
0 0 0 12 6 98 101 99 117 115 101 6 
0 0 0 6 19 111 102 124 124 111 102 6 
0 0 0 6 12 105 116 115 105 116 115 19 
0 0 0 19 25 112 114 111 105 116 121 12 
0 0 0 12 3 116 111 124 124 116 111 25 
0 0 0 25 12 116 104 101 116 104 101 3 
0 0 0 3 37 101 113 117 116 111 114 12 
0 0 0 12 33 44 124 124 124 124 44 37 
0 0 0 37 32 119 104 105 105 99 104 33 
0 0 0 33 18 109 97 107 107 101 115 32 
0 0 0 32 8 105 116 124 124 105 116 18 
0 0 0 18 25 101 97 115 105 101 114 8 
0 0 0 8 27 116 111 124 124 116 111 25 
0 0 0 25 13 108 97 117 110 99 104 27 
0 0 0 27 6 115 97 116 116 101 115 13 
0 0 0 13 3 105 110 116 110 116 111 6 
0 0 0 6 14 115 111 109 111 109 101 3 
0 0 0 3 13 69 97 114 114 116 104 14 
0 0 0 14 38 111 114 98 105 116 115 13 
0 1 0 13 0 46 124 124 124 124 46 38 
1 0 0 0 12 84 104 101 84 104 101 3 
0 0 0 3 32 115 112 111 109 97 110 12 
0 0 0 12 3 115 97 121 97 121 115 32 
0 0 0 32 7 97 124 124 124 124 97 3 
0 0 0 3 12 102 111 114 109 97 108 7 
0 0 0 7 6 97 103 114 101 110 116 12 
0 0 0 12 3 111 110 124 124 111 110 6 
0 0 0 6 12 116 104 101 116 104 101 3 
0 0 0 3 11 112 114 111 101 99 116 12 
0 0 0 12 27 119 105 108 105 108 108 11 
0 0 0 11 30 98 101 124 124 98 101 27 
0 0 0 27 6 115 105 103 110 101 100 30 
0 0 0 30 14 105 110 124 124 105 110 6 
0 0 0 6 36 74 117 110 117 110 101 14 
0 0 0 14 14 119 104 101 104 101 110 36 
0 0 0 36 14 73 110 100 105 97 110 14 
0 0 0 14 14 80 114 101 101 110 116 14 
0 0 0 14 14 83 117 115 105 108 111 14 
0 0 0 14 14 66 97 109 97 110 103 14 
0 0 0 14 32 89 117 100 111 110 111 14 
0 0 0 14 30 105 115 124 124 105 115 32 
0 0 0 32 25 115 99 104 108 101 100 30 
0 0 0 30 27 116 111 124 124 116 111 25 
0 0 0 25 14 118 105 115 115 105 116 27 
0 0 0 27 38 77 111 115 99 111 119 14 
0 1 0 14 0 46 124 124 124 124 46 38 
1 0 0 0 6 80 111 108 105 99 101 13 
0 0 0 13 14 105 110 124 124 105 110 6 
0 0 0 6 31 74 97 112 112 97 110 14 
0 0 0 14 3 115 97 121 115 97 121 31 
0 0 0 31 12 97 124 124 124 124 97 3 
0 0 0 3 30 116 101 97 104 101 114 12 
0 0 0 12 25 115 116 97 98 101 100 30 
0 0 0 30 12 116 111 124 124 116 111 25 
0 0 0 25 3 100 101 97 97 116 104 12 
0 0 0 12 7 97 124 124 124 124 97 3 
0 0 1 3 12 49 50 45 111 108 100 7 
0 0 0 7 14 103 105 114 105 114 108 12 
0 0 0 12 6 83 97 116 100 97 121 14 
0 0 0 14 3 105 110 124 124 105 110 6 
0 0 0 6 12 116 104 101 116 104 101 3 
0 0 0 3 17 99 111 117 116 114 121 12 
0 0 0 12 7 39 115 124 124 39 115 17 
0 0 0 17 12 116 104 105 105 114 100 7 
0 0 0 7 6 107 105 108 105 110 103 12 
0 0 0 12 3 111 102 124 124 111 102 6 
0 0 0 6 12 97 124 124 124 124 97 3 
0 0 0 3 12 115 99 104 111 111 108 12 
0 0 0 12 6 103 105 114 105 114 108 12 
0 0 0 12 8 105 110 124 124 105 110 6 
0 0 0 6 6 108 101 115 101 115 115 8 
0 0 0 8 2 116 104 97 104 97 110 6 
0 0 0 6 13 116 104 114 114 101 101 2 
0 0 0 2 38 119 101 101 101 107 115 13 
0 1 0 13 0 46 124 124 124 124 46 38 
1 0 0 0 14 89 117 124 124 89 117 14 
0 0 0 14 37 72 97 103 105 110 111 14 
0 0 0 14 2 44 124 124 124 124 44 37 
0 0 0 37 28 50 51 44 50 51 44 2 
0 0 0 2 30 119 97 115 119 97 115 28 
0 0 0 28 6 97 114 114 116 101 100 30 
0 0 0 30 3 97 116 124 124 97 116 6 
0 0 0 6 12 116 104 101 116 104 101 3 
0 0 0 3 12 109 117 114 100 101 114 12 
0 0 0 12 37 115 99 101 101 110 101 12 
0 0 0 12 3 44 124 124 124 124 44 37 
0 0 0 37 12 97 124 124 124 124 97 3 
0 0 0 3 6 115 99 104 111 111 108 12 
0 0 0 12 3 105 110 124 124 105 110 6 
0 0 0 6 7 116 104 101 116 104 101 3 
0 0 0 3 12 119 101 115 101 114 110 7 
0 0 0 7 6 99 105 116 105 116 121 12 
0 0 0 12 14 111 102 124 124 111 102 6 
0 0 0 6 38 85 106 105 85 106 105 14 
0 1 0 14 0 46 124 124 124 124 46 38 
1 0 0 0 31 80 111 108 105 99 101 13 
0 0 0 13 3 115 97 121 115 97 121 31 
0 0 0 31 12 116 104 101 116 104 101 3 
0 0 0 3 28 115 117 115 101 99 116 12 
0 0 0 12 25 99 111 110 115 101 100 28 
0 0 0 28 29 116 111 124 124 116 111 25 
0 0 0 25 3 115 116 97 105 110 103 29 
0 0 0 29 12 116 104 101 116 104 101 3 
0 0 0 3 6 103 105 114 105 114 108 12 
0 0 0 12 3 119 105 116 105 116 104 6 
0 0 0 6 12 97 124 124 124 124 97 3 
0 0 0 3 6 107 110 105 105 102 101 12 
0 0 0 12 29 97 102 116 116 101 114 6 
0 0 0 6 6 97 114 103 105 110 103 29 
0 0 0 29 18 119 105 116 105 116 104 6 
0 0 0 6 38 104 101 114 104 101 114 18 
0 1 0 18 0 46 124 124 124 124 46 38 
1 0 0 0 12 84 104 101 84 104 101 3 
0 0 0 3 32 107 105 108 105 110 103 12 
0 0 0 12 3 102 111 108 111 119 115 32 
0 0 0 32 7 116 104 101 116 104 101 3 
0 0 0 3 13 114 101 99 101 110 116 7 
0 0 0 7 6 109 117 114 101 114 115 13 
0 0 0 13 2 111 102 124 124 111 102 6 
0 0 0 6 12 116 119 111 116 119 111 2 
0 0 0 2 13 115 99 104 111 111 108 12 
0 0 0 12 6 103 105 114 114 108 115 13 
0 0 0 13 3 105 110 124 124 105 110 6 
0 0 0 6 12 116 104 101 116 104 101 3 
0 0 0 3 6 115 112 97 97 99 101 12 
0 0 0 12 20 111 102 124 124 111 102 6 
0 0 0 6 6 106 117 115 117 115 116 20 
0 0 0 20 3 111 118 101 118 101 114 6 
0 0 0 6 12 97 124 124 124 124 97 3 
0 0 0 3 38 119 101 101 101 101 107 12 
0 1 0 12 0 46 124 124 124 124 46 38 
1 0 0 0 2 84 104 101 84 104 101 3 
0 0 0 3 28 116 119 111 116 119 111 2 
0 0 0 2 30 119 101 114 101 114 101 28 
0 0 0 28 6 107 105 108 108 101 100 30 
0 0 0 30 7 105 110 124 124 105 110 6 
0 0 0 6 13 115 101 112 97 116 101 7 
0 0 0 7 6 105 110 99 110 116 115 13 
0 0 0 13 18 97 115 124 124 97 115 6 
0 0 0 6 28 116 104 101 104 101 121 18 
0 0 0 18 12 119 97 108 107 101 100 28 
0 0 0 28 20 104 111 109 111 109 101 12 
0 0 0 12 6 97 108 111 111 110 101 20 
0 0 0 20 7 102 114 111 114 111 109 6 
0 0 0 6 12 101 108 101 97 114 121 7 
0 0 0 7 6 115 99 104 111 111 108 12 
0 0 0 12 7 97 108 111 111 110 103 6 
0 0 0 6 13 100 101 115 116 101 100 7 
0 0 0 7 38 114 111 97 97 100 115 13 
0 1 0 13 0 46 124 124 124 124 46 38 
1 0 0 0 17 76 97 116 118 105 97 14 
0 0 0 14 14 39 115 124 124 39 115 17 
0 0 0 17 14 80 114 101 101 110 116 14 
0 0 0 14 14 86 97 105 105 114 97 14 
0 0 1 14 14 86 105 107 114 103 97 14 
0 0 0 14 17 76 97 116 118 105 97 14 
0 0 0 14 12 39 115 124 124 39 115 17 
0 0 0 17 32 112 97 114 101 110 116 12 
0 0 0 12 30 104 97 115 104 97 115 32 
0 0 0 32 3 101 120 116 100 101 100 30 
0 0 0 30 12 116 104 101 116 104 101 3 
0 0 0 3 6 115 116 97 116 97 121 12 
0 0 0 12 3 111 102 124 124 111 102 6 
0 0 0 6 12 116 104 101 116 104 101 3 
0 0 0 3 17 99 111 117 116 114 121 12 
0 0 0 12 13 39 115 124 124 39 115 17 
0 0 0 17 29 116 114 111 111 112 115 13 
0 0 0 13 6 115 101 114 105 110 103 29 
0 0 0 29 14 105 110 124 124 105 110 6 
0 0 0 6 6 73 114 97 114 97 113 14 
0 0 0 14 3 117 110 116 116 105 108 6 
0 0 0 6 12 116 104 101 116 104 101 3 
0 0 0 3 6 101 110 100 101 110 100 12 
0 0 0 12 3 111 102 124 124 111 102 6 
0 0 0 6 12 116 104 101 116 104 101 3 
0 0 0 3 38 121 101 97 101 97 114 12 
0 1 0 12 0 46 124 124 124 124 46 38 
1 0 0 0 2 83 105 120 120 116 121 14 
0 0 0 14 6 115 101 118 118 101 110 2 
0 0 0 2 3 111 102 124 124 111 102 6 
0 0 0 6 2 116 104 101 116 104 101 3 
0 0 0 3 13 49 48 48 49 48 48 2 
0 0 0 2 14 108 97 119 101 114 115 13 
0 0 0 13 6 84 104 117 100 97 121 14 
0 0 0 14 14 105 110 124 124 105 110 6 
0 0 0 6 28 82 105 103 105 103 97 14 
0 0 0 14 6 118 111 116 116 101 100 28 
0 0 0 28 12 105 110 124 124 105 110 6 
0 0 0 6 6 102 97 118 118 111 114 12 
0 0 0 12 29 111 102 124 124 111 102 6 
0 0 0 6 3 101 120 116 105 110 103 29 
0 0 0 29 12 116 104 101 116 104 101 3 
0 0 0 3 6 109 105 115 105 111 110 12 
0 0 0 12 2 98 121 124 124 98 121 6 
0 0 0 6 13 115 105 120 115 105 120 2 
0 0 0 2 38 109 111 110 116 104 115 13 
0 1 0 13 0 46 124 124 124 124 46 38 
1 0 0 0 37 76 97 116 118 105 97 14 
0 0 0 14 33 44 124 124 124 124 44 37 
0 0 0 37 28 119 104 105 105 99 104 33 
0 0 0 33 14 106 111 105 110 101 100 28 
0 0 0 28 7 78 65 84 65 84 79 14 
0 0 0 14 12 108 97 115 97 115 116 7 
0 0 0 7 37 121 101 97 101 97 114 12 
0 0 0 12 32 44 124 124 124 124 44 37 
0 0 0 37 8 104 97 115 104 97 115 32 
0 0 0 32 6 109 111 114 111 114 101 8 
0 0 0 8 2 116 104 97 104 97 110 6 
0 0 0 6 13 49 48 48 49 48 48 2 
0 0 0 2 6 116 114 111 111 112 115 13 
0 0 0 13 14 105 110 124 124 105 110 6 
0 0 0 6 29 73 114 97 114 97 113 14 
0 0 0 14 3 115 117 112 105 110 103 29 
0 0 0 29 14 116 104 101 116 104 101 3 
0 0 0 3 13 85 46 83 85 46 83 14 
0 0 0 14 20 101 102 102 114 116 115 13 
0 0 0 13 38 116 104 101 101 114 101 20 
0 1 0 20 0 46 124 124 124 124 46 38 
1 0 0 0 32 76 97 116 118 105 97 14 
0 0 0 14 20 104 97 115 104 97 115 32 
0 0 0 32 30 97 108 115 108 115 111 20 
0 0 0 20 13 99 111 110 116 101 100 30 
0 0 0 30 25 116 114 111 111 112 115 13 
0 0 0 13 7 116 111 124 124 116 111 25 
0 0 0 25 13 109 117 108 110 97 108 7 
0 0 0 7 6 102 111 114 99 101 115 13 
0 0 0 13 14 105 110 124 124 105 110 6 
0 0 0 6 1 65 102 103 116 97 110 14 
0 0 0 14 3 97 110 100 97 110 100 1 
0 0 0 1 15 116 104 101 116 104 101 3 
0 0 0 3 38 66 97 108 97 110 115 15 
0 1 0 15 0 46 124 124 124 124 46 38 
1 0 0 0 12 65 124 124 124 124 65 3 
0 0 0 3 12 108 97 110 105 110 101 12 
0 0 0 12 6 98 108 97 97 115 116 12 
0 0 0 12 7 105 110 124 124 105 110 6 
0 0 0 6 14 115 111 117 101 114 110 7 
0 0 0 7 32 65 102 103 116 97 110 14 
0 0 0 14 30 104 97 115 104 97 115 32 
0 0 0 32 2 107 105 108 108 101 100 30 
0 0 0 30 7 110 105 110 105 110 101 2 
0 0 0 2 13 65 102 103 104 97 110 7 
0 0 0 7 38 115 111 108 101 114 115 13 
0 1 0 13 0 46 124 124 124 124 46 38 
1 0 0 0 12 84 104 101 84 104 101 3 
0 0 0 3 20 84 97 108 98 97 110 12 
0 0 0 12 28 108 97 116 116 101 114 20 
0 0 0 20 12 99 108 97 109 101 100 28 
0 0 0 28 6 114 101 115 105 116 121 12 
0 0 0 12 3 102 111 114 102 111 114 6 
0 0 0 6 12 116 104 101 116 104 101 3 
0 0 0 3 6 98 108 97 97 115 116 12 
0 0 0 12 14 105 110 124 124 105 110 6 
0 0 0 6 12 75 97 110 104 97 114 14 
0 0 0 14 38 112 114 111 110 99 101 12 
0 1 0 12 0 46 124 124 124 124 46 38 
1 0 0 0 14 65 110 124 124 65 110 3 
0 0 0 3 14 65 102 103 104 97 110 14 
0 0 0 14 12 65 114 109 114 109 121 14 
0 0 0 14 28 115 112 111 109 97 110 12 
0 0 0 12 3 115 97 105 97 105 100 28 
0 0 0 28 13 116 104 101 116 104 101 3 
0 0 0 3 28 116 114 111 111 112 115 13 
0 0 0 13 29 119 101 114 101 114 101 28 
0 0 0 28 6 116 114 97 105 110 103 29 
0 0 0 29 3 116 111 119 114 100 115 6 
0 0 0 6 7 116 104 101 116 104 101 3 
0 0 0 3 7 110 101 97 114 98 121 7 
0 0 0 7 12 80 97 107 97 110 105 7 
0 0 0 7 36 98 111 114 100 101 114 12 
0 0 0 12 19 119 104 101 104 101 110 36 
0 0 0 36 12 116 104 101 101 105 114 19 
0 0 0 19 28 118 101 104 99 108 101 12 
0 0 0 12 3 104 105 116 104 105 116 28 
0 0 0 28 12 116 104 101 116 104 101 3 
0 0 0 3 38 109 105 110 105 110 101 12 
0 1 0 12 0 46 124 124 124 124 46 38 
1 0 1 0 13 85 46 83 108 101 100 7 
0 0 0 7 31 102 111 114 99 101 115 13 
0 0 0 13 29 97 114 101 97 114 101 31 
0 0 0 31 23 104 117 110 105 110 103 29 
0 0 0 29 13 100 111 119 111 119 110 23 
0 0 0 23 6 114 101 109 110 116 115 13 
0 0 0 13 14 111 102 124 124 111 102 6 
0 0 0 6 17 65 102 103 116 97 110 14 
0 0 0 14 7 39 115 124 124 39 115 17 