0.243202
0.272164
0.81402
0.397198
0.24659
0.808649
0.225806
0.923124
0.695669
0.540239
0.484634
0.86877
0.035371
0.330241
0.0908231
0.379589
0.160039
0.370495
0.229133
0.145817
0.622242
0.167028
0.279275
0.240669
0.124668
0.879391
0.781762
0.67156
0.76455
0.357128
0.577288
0.237861
0.997925
0.717215
0.338878
0.789148
0.794092
0.806513
0.21543
0.477371
0.947935
0.392285
0.805017
0.097232
0.0192572
0.425611
0.177343
0.107944
0.867763
0.220161
0.163762
0.430525
0.252571
0.891232
0.633351
0.614002
0.464949
0.897916
0.974242
0.465011
0.462844
0.032899
0.498917
0.73339
0.476424
0.703177
0.991852
0.948698
0.552629
0.845088
0.118442
0.000488296
0.00842311
0.318644
0.914487
0.556871
0.260567
0.123417
0.0736717
0.914243
0.0013123
0.281045
0.25367
0.372784
0.188604
0.726829
0.117466
0.730949
0.819361
0.0554827
0.330699
0.992889
0.954619
0.463881
0.232215
0.882351
0.965636
0.734672
0.397534
0.257363
0.469314
0.604846
0.813532
0.0185553
0.921842
0.362957
0.883114
0.605792
0.339091
0.018189
0.978881
0.676107
0.113193
0.885891
0.764245
0.0573443
0.393017
0.932432
0.000976592
0.570757
0.99826
0.724052
0.0618305
0.816431
0.335215
0.322611
0.866787
0.51561
0.283609
0.972594
0.462081
0.503067
0.522385
0.922483
0.960631
0.963988
0.264077
0.225227
0.0622272
0.00839259
0.865993
0.860652
0.873043
0.177496
0.287149
0.0236518
0.242042
0.975219
0.859645
0.922788
0.334422
0.0189215
0.34312
0.931608
0.659627
0.903256
0.731468
0.438002
0.273446
0.37019
0.779809
0.234046
0.372662
0.879879
0.721366
0.790826
0.000793481
0.175329
0.142308
0.261635
0.0844447
0.935362
0.483535
0.557726
0.517716
0.108585
0.138157
0.339671
0.515
0.0235298
0.613666
0.268929
0.949553
0.867214
0.726859
0.362468
0.897214
0.627064
0.301218
0.795129
0.104343
0.0893887
0.334727
0.992523
0.597797
0.988098
0.106998
0.359111
0.15659
0.897549
0.195013
0.484664
0.863552
0.963591
0.865352
0.172704
0.455641
0.0658589
0.812525
0.135441
0.692282
0.505814
0.711447
0.698202
0.459365
0.813593
0.553423
0.35728
0.829066
0.767968
0.233772
0.535325
0.79281
0.222846
0.360302
0.377544
0.887265
0.834376
0.751366
0.932768
0.431593
0.281686
0.591845
0.562975
0.594562
0.0761742
0.716269
0.925047
0.0107425
0.551958
0.98764
0.368725
0.16419
0.131779
0.240669
0.0941191
0.258248
0.462325
0.758202
0.912839
0.790887
0.512162
0.749535
0.956236
0.553392
0.226325
0.799677
0.175054
0.272042
0.831507
0.757714
0.973449
0.610706
0.385144
0.0336619
0.821528
0.753899
0.662618
0.772332
0.190497
0.288308
0.975829
0.872311
0.653554
0.602405
0.017365
0.320231
0.496536
0.521653
0.323923
0.807703
0.68218
0.399579
0.452223
0.100223
0.511704
0.382
0.461867
0.12711
0.827235
0.0643941
0.798608
0.260506
0.0990326
0.260109
0.171545
0.75277
0.241493
0.099002
0.518509
0.800897
0.501022
0.17478
0.652608
0.206458
0.26014
0.959807
0.684835
0.100223
0.101382
0.206427
0.815149
0.699728
0.9747
0.553362
0.586901
0.568834
0.811853
0.0557268
0.19779
0.348338
0.432386
0.857875
0.961028
0.425581
0.0837428
0.727256
0.510819
0.512497
0.460402
0.668844
0.845759
0.600543
0.544877
0.33787
0.803827
0.261422
0.115024
0.470473
0.0625629
0.762139
0.261055
0.0505692
0.258919
0.963347
0.755913
0.431715
0.321268
0.469527
0.623035
0.132908
0.608692
0.000152593
0.745201
0.527146
0.950346
0.449965
0.858028
0.140721
0.178961
0.607562
0.771905
0.78338
0.252541
0.00112918
0.166509
0.226539
0.557085
0.839656
0.800989
0.649861
0.485397
0.51854
0.484054
0.573382
0.884579
0.658834
0.647664
0.495254
0.466567
0.147771
0.867824
0.953185
0.775353
0.15067
0.17655
0.228278
0.804376
0.561876
0.508438
0.410504
0.858486
0.863887
0.12595
0.0439161
0.753258
0.863735
0.36668
0.0710471
0.946379
0.27485
0.557024
0.294565
0.694235
0.613361
0.435194
0.0753807
0.827601
0.377758
0.928068
0.486007
0.240333
0.980316
0.625111
0.637349
0.684805
0.399304
0.793603
0.398511
0.967284
0.0208747
0.277993
0.227699
0.137913
0.63863
0.128727
0.33311
0.768548
0.0806604
0.302377
0.8829
0.911863
0.43202
0.27839
0.482467
0.836268
0.321726
0.935484
0.638417
0.129643
0.242927
0.531358
0.427076
0.266366
0.375042
0.130009
0.0874966
0.230415
0.876644
0.319681
0.756371
0.289315
0.11771
0.565874
0.0647603
0.512162
0.820246
0.0427259
0.814753
0.125309
0.575518
0.286813
0.454726
0.299966
0.70745
0.516617
0.57271
0.46498
0.950072
0.962249
0.125431
0.738853
0.908414
0.0482192
0.623005
0.574694
0.771233
0.773858
0.98703
0.211707
0.244514
0.134465
0.301584
0.027131
0.174444
0.927458
0.175329
0.382336
0.828394
0.786676
0.933866
0.0567339
0.30314
0.789483
0.360576
0.86343
0.0285653
0.479476
0.205634
0.540117
0.835994
0.649037
0.180792
0.509384
0.559465
0.725425
0.659413
0.601581
0.639302
0.104251
0.800501
0.334513
0.696097
0.273873
0.315165
0.843593
0.544298
0.0743736
0.594348
0.0558184
0.614032
0.935423
0.416791
0.202185
0.249611
0.43611
0.955687
0.261086
0.854183
0.0309458
0.302927
0.427595
0.34843
0.285592
0.229987
0.201727
0.912687
0.466048
0.403241
0.18952
0.480972
0.825129
0.773797
0.210852
0.955718
0.430006
0.359386
0.807703
0.611835
0.87463
0.137944
0.746269
0.659291
0.720237
0.271096
0.607349
0.432234
0.00866726
0.376415
0.0581988
0.1742
0.691336
0.0674459
0.899716
0.887509
0.318064
0.479843
0.482681
0.215857
0.829432
0.00271615
0.587359
0.829218
0.796472
0.933988
0.359111
0.27897
0.951292
0.277718
0.394879
0.79281
0.352336
0.403546
0.573473
0.97763
0.0285653
0.785638
0.724113
0.899655
0.445418
0.540635
0.726218
0.509934
0.637135
0.983337
0.134831
0.88461
0.348643
0.918363
0.92523
0.248024
0.0311289
0.887326
0.450087
0.248238
0.0346995
0.0894192
0.203772
0.452773
0.84228
0.194952
0.486679
0.534227
0.687948
0.769829
0.563646
0.113712
0.404096
0.530412
0.410627
0.731651
0.840846
0.147221
0.642781
0.913877
0.701102
0.815912
0.717765
0.802423
0.135899
0.314829
0.0085757
0.319529
0.942991
0.767663
0.839015
0.333476
0.712455
0.829737
0.0757164
0.795251
0.76397
0.517075
0.370952
0.314371
0.218085
0.396649
0.649098
0.143468
0.0467849
0.356792
0.931333
0.0393078
0.445631
0.676473
0.0918302
0.969695
0.372234
0.611866
0.639424
0.13477
0.594684
0.219794
0.118259
0.271859
0.0930509
0.635731
0.221625
0.711692
0.158544
0.525742
0.211951
0.155675
0.0333872
0.931364
0.741813
0.642781
0.435743
0.225227
0.668477
0.674123
0.81286
0.397351
0.956847
0.965026
0.666799
0.389782
0.263558
0.792413
0.795862
0.699087
0.297037
0.406903
0.796014
0.965117
0.546068
0.477889
0.665731
0.764702
0.471725
0.0407422
0.858119
0.329569
0.755821
0.914762
0.624042
0.406262
0.699545
0.0601825
0.990051
0.977966
0.366649
0.84405
0.214728
0.0658589
0.564043
0.682302
0.0675375
0.329936
0.254402
0.0282907
0.773431
0.686666
0.494064
0.175115
0.967132
0.663686
0.489914
0.841609
0.50148
0.709037
0.86935
0.00994903
0.452467
0.174535
0.756829
0.984344
0.165471
0.191595
0.750816
0.138646
0.686392
0.158483
0.394726
0.322886
0.421125
0.0574358
0.236122
0.396008
0.367412
0.320872
0.0670492
0.854823
0.762719
0.465011
0.44026
0.027131
0.491623
0.209876
0.0540788
0.798364
0.0972015
0.304422
0.100742
0.339732
0.73928
0.775262
0.170843
0.807489
0.943632
0.818384
0.808405
0.481429
0.486465
0.0517289
0.310129
0.311655
0.256966
0.348369
0.862514
0.342235
0.442091
0.967864
0.610462
0.980743
0.877743
0.205756
0.751549
0.581835
0.909299
0.279244
0.249092
0.314676
0.606006
0.667806
0.258492
0.781762
0.672323
0.627583
0.85992
0.358623
0.900632
0.0987884
0.191412
0.723045
0.508225
0.72393
0.576434
0.542497
0.203467
0.196234
0.738823
0.788354
0.323588
0.657308
0.699789
0.645985
0.888791
0.361766
0.450148
0.489303
0.916196
0.328532
0.991699
0.888394
0.837123
0.197333
0.841365
0.119022
0.361766
0.00860622
0.592334
0.143315
0.634846
0.126408
0.625233
0.529283
0.0257881
0.0223395
0.563524
0.278817
0.398114
0.139836
0.566942
0.0328379
0.200079
0.556993
0.0564592
0.621876
0.222327
0.667165
0.964568
0.431013
0.364574
0.595813
0.104801
0.548509
0.256172
0.572527
0.754326
0.165746
0.0739769
0.976714
0.0426649
0.198492
0.400922
0.275948
0.241401
0.597125
0.469649
0.575762
0.547533
0.315317
0.634571
0.999298
0.455092
0.405622
0.41615
0.615894
0.308176
0.210852
0.961211
0.137333
0.129429
0.119572
0.263009
0.100345
0.317759
0.855373
0.985046
0.754051
0.308725
0.767388
0.231544
0.371441
0.791772
0.0922269
0.109745
0.203436
0.577776
0.654866
0.426405
0.794061
0.710837
0.977935
0.362804
0.875881
0.917631
0.267769
0.472427
0.564196
0.988891
0.246651
0.844325
0.0689413
0.185827
0.298898
0.776299
0.642689
0.26603
0.90051
0.801691
0.983825
0.222053
0.800623
0.413312
0.813715
0.326609
0.923887
0.328501
0.846126
0.578448
0.46205
0.638997
0.868374
0.142003
0.123783
0.688986
0.152135
0.87521
0.0115665
0.0259407
0.913419
0.538743
0.0943022
0.267006
0.0398267
0.780908
0.744133
0.225471
0.80459
0.491379
0.306711
0.140507
0.785058
0.618122
0.173406
0.354381
0.705557
0.0405896
0.324076
0.280557
0.422498
0.593799
0.809412
0.00656148
0.771142
0.835994
0.141362
0.375591
0.491928
0.654744
0.0606708
0.88995
0.956236
0.304209
0.650044
0.280801
0.909177
0.968139
0.261635
0.0878323
0.949156
0.441786
0.228065
0.0920743
0.962218
0.0269173
0.825007
0.946165
0.230323
0.233222
0.454695
0.845515
0.432356
0.380352
0.518998
0.584613
0.25602
0.693869
